2001877289303490702
2002763964476965234
2004854685438804012
2005107364203298875
2006946255709340062
2007190982408974659
2007661583246471621
2008197435622133842
2008198858405462492
2008248159815036942
2008374617979973865
2008379371405668478
2008416515129999715
2008420516919468535
2008777683455656087
2009458579305267681
2009484351873151176
2009652875576938615
2009834337043394622
2009887009591226787
2009891192524419457
2009941784965853278
2010202953123295307
2010381897730339152
2010451647294820764
2010661146349756814
2010784341975318837
2011107848068194432
2011170447434649774
2011439171760767441
2011634592810438835
2011645375460057533
2011653000000127336
2011788910297563310
2011845501357064442
2011898760650170378
2012005508769857710
2012108162447585523
2012446568528687434
2013234871238598793
2013295220440654142
2013419302662348979
2013532691006996711
2015152385207984348
2015263403393355980
2015406181804843044
2015634929066070042
2015659177843265781
2015823640043151378
2015992913000595614
2016030160924156122
2016073152820846633
2016088197714084320
2016138326571626611
2017928823497453789
2018191168451043584
2018214780935549253
2018215856577360311
2018556431100993733
2018685474131562751
2019239504922784189
2019404118486389234
2019788303214776494
2019833999154376925
2019847469165896077
2020464744197693597
2020480621026705858
2020780086363054275
2020862767574728935
2021057289785053348
2021258256619012365
2021300975248736723
2021933979398492325
2022690823062884582
2023070651964072103
2023643232845140297
2023760359493194030
2024104039827578910
2024166142554849363
2024420826016338208
2024491215035511151
2025163854469341484
2026301375249105195
2026316195977146728
2026649286772179445
2026846972351852719
2026929094164885863
2027021107015143498
2027064868847689902
2027798913516761522
2028115571724660920
2028276251262423347
2028279420419752307
2028309848429846690
2028469511108829260
2028508328859750704
2028650885472203209
2029019321364824452
2029072361669181640
2029211910621806728
2029294271879168502
2029294395384574292
2029362173567541328
2029817553288319295
2030089473577693629
2030277890844262604
2030296182745170292
2030797695405936926
2030906462999122123
2030920695660806227
2031020301262409863
2031256944900714553
2031362125055369376
2031417651390722459
2031446250214572438
2031581996279865355
2031843569942622631
2032185087534477643
2032542713170838002
2032756394202657147
2033184881422049388
2033407780640698583
2033543326444720272
2033544696119853426
2033550156663283861
2033917202567446610
2033982968113352937
2034898321639121310
2035592959685525590
2035793669911896120
2036128381763461566
2036605650353180709
2036659588259553747
2036867472918286551
2038224276835471420
2038261502696648942
2038342534024544736
2038543008556015633
2038558603943239874
2038616252785303612
2038617381388583283
2038644704590328273
2038678161873838496
2038707148981432392
2038798541687325000
2038942399746212173
2039041297286053931
2039615557272494205
2039625508535885876
2039709119150702727
2039732389979607055
2039795053237858362
2039904399993225374
2039986009476411400
2040027270115418258
2040157426775724206
2040233641599513047
2040257925126693248
2040553750755172616
2040639446044102992
2040745533858574471
2040806718523748627
2040832305925894162
2040889714044223767
2040971582303318487
2041034974380581255
2041096374566228189
2041163046874382357
2041185290245878092
2041188242846888389
2041359077423419632
2041366564516368436
2041366570149265865
2041463539047735472
2041739710490726845
2042058511937679439
2042193930746200269
2042586039450243514
2042897855526944965
2043677756467319089
2043748561729302884
2044445536141639766
2044465748714594617
2044775603145224640
2044829425464656123
2045081650175058314
2045196602306933060
2045199443960439023
2045378877363798279
2045717144319697140
2045753728897331649
2046025895941750868
2046089486719930845
2046682439985082441
2047204364499276110
2047303787249803449
2047325329052823996
2047420285817929961
2047423024068952489
2047631914769756180
2047729312384901449
2047875746711171155
2047882171336253928
2047944141015802341
2047989228274118901
2047993289283133945
2047996860112249119
2048063332624843046
2048636069349138568
2048641686994407474
2048643867222962518
2048725842096976020
2048733383140712808
2048773623297527836
2048963140222861357
2049360876684398857
2049383276406824999
2049429494356972019
2049490134966620280
2049538141993001161
2049542777998885064
2049802344255172753
2049866543174205755
2049887532205433223
2049911725835669992
2050040703074619540
2050115370242162830
2050144215137726964
2050154560186986562
2050168862969143417
2050561058738507928
2051058241455505412
2051135855889387697
2051502204419551317
2051671878608228630
2051687554442031350
2051691169592033488
2051849057585582317
2051898444588220422
2051938130505453866
2051942213974688070
2051965725452239128
2052249508676079838
2052255061846491271
2052315216113766901
2052323461268467860
2052367763277258759
2052372975773684151
2052396757850743213
2052398818533220652
2052453881800798451
2052586241653403746
2052591817858630095
2052670818912714837
2052783847784480942
2052795873428381851
2053015070637277350
2053030770772705759
2053120577699983865
2053131052781334567
2053158175138861411
2053314033269485693
2053336660658790655
2053385804437688352
2053518215033069818
2053705369013145814
2054139543423492547
2054203712164200466
2054219105956495361
2054776108319682606
2054791188679692317
2054892029541257672
2054893906970710212
2055691490379354373
2055993561078812706
2056032403966378383
2056040098924273839
2056594947168706688
2056681833283387458
2056728372839956512
2056736731937050859
2056741284023599471
2057318412175757523
2057349206025847224
2057412384587919581
2057490100611866683
2057779197985378623
2057824571475317024
2058866454187876616
2059168575513034863
2059454779982774624
2059559200628572420
2059843797694165083
2059890774272356549
2060250423215473106
2061012716706554066
2061471709690233223
2061656822423916974
2061749700785795355
2061765392419389654
2061819909886157140
2061841134675173556
2062023437103857786
2062378876697997716
2062383862924312579
2062435248231817530
2062446986138378348
2062509734708568534
2062725817235587329
2062753385078747474
2062857087374197219
2062861049943199982
2063073669052825767
2063084329778213111
2063117562351894973
2063127793630945325
2063139225428431118
2063139281221087238
2063142316399853964
2063147755070230995
2063175480099123339
2063193226316497350
2063215473630798233
2063216573847093444
2063255641578151973
2063456679401058367
2063477181041508669
2063488659274498229
2063537975837827434
2063560766301798669
2063592048150909396
2063632975775125837
2063647671693594949
2063726489905123489
2063737218003333288
2063806480013504576
2063810543744663838
2063991128261623860
2064166761583550562
2064180291946926369
2064272462397722635
2064373211874394198
2064503822199005677
2064534752506605710
2064545265521217953
2064611861769728184
2064642065347092658
2064930843282522256
2064936039635185673
2064945914456773015
2064964771926155437
2064996043314610216
2065052791043653705
2065077262186373613
2065087115545973014
2065109223445233917
2065113099368300758
2065226939145789813
2065232313030447132
2065308323684270451
2065340837622632833
2065427112366874734
2065452057981837793
2065676943216046085
2065693392882008146
2065711813337948604
2065729251614290029
2066388184544756176
2066504353616461991
2066758451779477914
2066813371329257690
2067522967014183343
2067555672930082955
2067584461177540647
2067767847888318653
2068012753361813692
2068192617242960081
2068215246452621761
2068271487166124323
2068331310020788242
2068381263002751194
2068539170935738802
2068666503776620857
2068685869754847390
2068716810346860804
2068862425810800877
2068874155332956350
2068969462725058966
2069011552553033769
2069018297228575178
2069094152164536336
2069241566309605512
2069321119828775325
2069767917424746734
2069781855772233854
2069821590804816050
2069968533719757081
2070081200149160038
2070099696463314960
2070169313563328679
2070178811329831057
2070202574226313724
2070348017300025501
2070349176790192209
2070366056351428880
2070380037644403086
2070433001759023168
2070437346185715740
2070446229826253239
2070538556041543947
2070544894612168956
2070553511096377719
2070625353580925426
2070694074236219501
2070710352342651305
2070727667049980235
2070732754732625960
2070733588086350003
2070756370618437640
2070773045795365165
2070802529504420212
2070803670749311018
2070836871702135111
2070893129939464263
2070902886314238447
2070918078649831834
2071117068003377177
2071133424958447625
2071165152833994859
2071407793899540717
2071424170383364525
2071448748929192297
2071590415082704989
2071594553736401154
2071700238067273911
2071779087396606433
2071957286969393417
2072154776989487554
2072208937349492857
2072255316243456499
2072302054765150453
2072310252150968615
2072539640666681743
2072595445260644591
2072606903683670040
2072697964464902613
2072834357304143990
2072919835160256558
2072959738967703894
2073025145703202995
2073066567328321783
2073329110059978822
2073393598197051834
2073589668839633280
2073617686664216921
2073628348278779973
2073695882101342691
2073701114281894271
2073798163400622407
2073934075757470203
2073958881186009553
2073967454288777357
2073970155986538930
2073992758226821304
2073993133763985761
2073995053392068877
2073995403473920051
2074082831022612856
2074093088805634525
2074101515631919489
2074103125758431679
2074109215652659439
2074109926327435393
2074122563731767684
2074133593354613065
2074137524096712721
2074147946430644284
2074196430739132609
2074249444753805743
2074310585366532512
2074323769875906793
2074335853498011753
2074337899366285414
2074340907063882082
2074354484101407106
2074382159834443858
2074409561197330880
2074438463555080211
2074440823308161305
2074443186424958997
2074448877110132912
2074451886577443166
2074461631082529174
2074493394873921605
2074498476830826713
2074504860175884644
2074617960115945949
